      0/99     7.03G   0.05054   0.02134   0.01992    0.0918        67       640    0.7161    0.6745    0.7009    0.3605   0.03723  0.007755    0.0131
      1/99     11.4G   0.03915   0.01907   0.01641   0.07463        78       640    0.4227    0.5303    0.3954    0.1627   0.04418   0.01088   0.02343
      2/99     11.4G   0.04111   0.02017   0.01779   0.07907        66       640    0.6314    0.6244    0.6251    0.3061   0.03868  0.009396   0.02269
      3/99     11.4G   0.04192   0.02137   0.01915   0.08244        70       640    0.6732    0.7148    0.7171    0.3762   0.03595  0.008321   0.01479
      4/99     11.4G   0.03857   0.02056   0.01836   0.07749        75       640    0.6708    0.6572    0.6587     0.337   0.03834  0.008747   0.01427
      5/99     11.4G   0.03677   0.02001   0.01696   0.07374        54       640    0.7302    0.7054    0.7386    0.4057   0.03372  0.008378   0.01139
      6/99     11.4G   0.03637   0.02003   0.01687   0.07328        62       640    0.6841    0.7047    0.7028    0.3705   0.03605  0.008126   0.02017
      7/99     11.4G   0.03572   0.01961   0.01659   0.07193        67       640    0.7607    0.7356    0.7711    0.4248   0.03374  0.007857   0.01298
      8/99     11.4G   0.03424   0.01922   0.01599   0.06944        74       640    0.8329     0.764    0.8382    0.5038    0.0297   0.00748   0.01208
      9/99     11.4G   0.03392   0.01918   0.01538   0.06849        68       640    0.7981    0.7688    0.8127    0.4881   0.02953  0.007494   0.01245
     10/99     11.4G   0.03312   0.01867   0.01397   0.06576        72       640    0.8313    0.8021    0.8468    0.5183   0.02984  0.007316  0.009097
     11/99     11.4G    0.0326   0.01864    0.0139   0.06514        57       640    0.8422    0.8139    0.8696    0.5409   0.02734  0.007146  0.008768
     12/99     11.4G   0.03199   0.01858   0.01379   0.06437        60       640    0.8648    0.7958    0.8672    0.5429   0.02752  0.007199  0.009746
     13/99     11.4G   0.03126   0.01824   0.01366   0.06315        63       640    0.8873    0.8151    0.8819    0.5709   0.02784  0.007006   0.00903
     14/99     11.4G   0.03156   0.01821   0.01277   0.06254        73       640    0.8087    0.7798    0.8284    0.5267   0.02749  0.007124   0.01047
     15/99     11.4G   0.03068   0.01791    0.0123   0.06088        69       640    0.8918    0.8399    0.9015       0.6   0.02517  0.006808  0.006945
     16/99     11.4G   0.03069    0.0181   0.01314   0.06193        73       640     0.843    0.7865    0.8589    0.5338   0.02624  0.007111    0.0115
     17/99     11.4G   0.03006   0.01813   0.01297   0.06117        81       640    0.8368    0.8336    0.8724    0.5736    0.0258  0.006815  0.009238
     18/99     11.4G    0.0305   0.01784   0.01289   0.06123        73       640    0.8973     0.839    0.9018    0.6124   0.02572  0.006631  0.007775
     19/99     11.4G   0.03014   0.01784   0.01222    0.0602        66       640    0.8984    0.8444    0.9053    0.6139   0.02459   0.00663  0.008357
     20/99     11.4G   0.03001   0.01781    0.0119   0.05972        70       640    0.9035    0.8445     0.907    0.6194   0.02541  0.006654  0.007723
     21/99     11.4G    0.0298   0.01765   0.01214    0.0596        84       640    0.8907     0.826    0.8942    0.6183   0.02387  0.006533  0.007819
     22/99     11.4G   0.02844   0.01751   0.01171   0.05765        66       640    0.8909    0.8146    0.8952    0.6004    0.0242  0.006705   0.00889
     23/99     11.4G   0.02936   0.01788   0.01229   0.05953        70       640    0.9015    0.8601    0.9133    0.6385   0.02379  0.006452  0.007695
     24/99     11.4G   0.03037   0.01858   0.01314   0.06209        74       640    0.8853      0.83    0.8999     0.616   0.02442  0.006645   0.00857
     25/99     11.4G   0.02882   0.01766   0.01206   0.05854        67       640    0.9071    0.8393    0.9124    0.6284   0.02288  0.006523   0.00759
     26/99     11.4G   0.02858   0.01753   0.01163   0.05774        65       640    0.9179    0.8367    0.9129     0.633   0.02322  0.006476  0.008073
     27/99     11.4G   0.02883    0.0176   0.01216   0.05859        55       640    0.9237    0.8392    0.9162    0.6343   0.02258  0.006473  0.006796
     28/99     11.4G   0.02907   0.01745   0.01104   0.05756        60       640    0.9237    0.8507    0.9198    0.6477   0.02243   0.00635  0.006774
     29/99     11.4G   0.02802   0.01697   0.01083   0.05582        62       640    0.9164    0.8563     0.927    0.6602   0.02223  0.006193  0.006505
     30/99     11.4G   0.02783   0.01739   0.01131   0.05653        63       640    0.9117    0.8543    0.9211    0.6566   0.02197  0.006273  0.006359
     31/99     11.4G   0.02794   0.01708   0.01118    0.0562        59       640    0.9219    0.8714    0.9303    0.6675   0.02184  0.006168  0.006041
     32/99     11.4G   0.02773   0.01701   0.01021   0.05495        77       640    0.9321    0.8599    0.9315    0.6716   0.02104  0.006141  0.005873
     33/99     11.4G   0.02797   0.01726   0.01179   0.05702        77       640     0.923    0.8694    0.9319    0.6748   0.02167  0.006096  0.006438
     34/99     11.4G   0.02724   0.01674    0.0099   0.05388        72       640    0.9362    0.8633     0.934    0.6829   0.02137   0.00604  0.006612
     35/99     11.4G   0.02801   0.01725   0.01141   0.05668        64       640    0.9292    0.8653    0.9317    0.6803   0.02117  0.006089  0.006747
     36/99     11.4G   0.02692   0.01686   0.01068   0.05446        69       640    0.9232     0.872    0.9327    0.6876   0.02086  0.006024  0.006622
     37/99     11.4G   0.02697   0.01683    0.0108    0.0546        71       640    0.9173    0.8764    0.9342    0.6906   0.02046  0.005997  0.006688
     38/99     11.4G   0.02675   0.01674   0.01031    0.0538        72       640    0.9365    0.8696    0.9376    0.6934   0.02032  0.005924  0.006801
     39/99     11.4G   0.02684   0.01663  0.009828    0.0533        73       640    0.9361    0.8702    0.9388    0.6987   0.01982  0.005868  0.006493
     40/99     11.4G   0.02617   0.01663  0.009807    0.0526        62       640    0.9341    0.8773    0.9393    0.7041   0.01948  0.005853  0.006304
     41/99     11.4G   0.02584   0.01657  0.009409   0.05182        65       640     0.937    0.8746    0.9385    0.7056   0.01929   0.00585  0.006365
     42/99     11.4G   0.02641   0.01664  0.009833   0.05288        68       640    0.9302    0.8807    0.9385    0.7061    0.0191  0.005851  0.006497
     43/99     11.4G   0.02679   0.01662   0.01009   0.05349        70       640    0.9397    0.8763    0.9393     0.704   0.01909  0.005846  0.006634
     44/99     11.4G   0.02592   0.01641  0.009046   0.05137        76       640     0.932    0.8838    0.9401    0.7061   0.01898  0.005824  0.006674
     45/99     11.4G   0.02565   0.01656   0.01013   0.05235        82       640    0.9403    0.8807    0.9405    0.7086   0.01902  0.005806  0.006542
     46/99     11.4G   0.02618   0.01638   0.01035   0.05291        68       640    0.9378    0.8859    0.9409    0.7098   0.01902  0.005793  0.006724
     47/99     11.4G   0.02556   0.01628  0.009616   0.05145        70       640    0.9435    0.8809     0.942    0.7114   0.01901  0.005768  0.006531
     48/99     11.4G   0.02542   0.01633   0.01001   0.05176        65       640    0.9394    0.8862     0.943    0.7117   0.01898   0.00576   0.00639
     49/99     11.4G   0.02511   0.01631  0.009412   0.05083        74       640    0.9365    0.8886     0.943    0.7138   0.01905   0.00576  0.006226
     50/99     11.4G   0.02587   0.01604  0.009146   0.05105        80       640    0.9421    0.8829    0.9431    0.7155   0.01898  0.005747  0.006025
     51/99     11.4G   0.02492   0.01612  0.008989   0.05003        60       640    0.9361    0.8893    0.9434     0.716   0.01889  0.005734  0.005895
     52/99     11.4G   0.02486   0.01604  0.008848   0.04975        73       640    0.9395    0.8869    0.9442    0.7177   0.01882  0.005723  0.005862
     53/99     11.4G   0.02496   0.01583  0.009048   0.04983        67       640    0.9387    0.8905    0.9447    0.7203   0.01872  0.005703  0.005871
     54/99     11.4G   0.02453   0.01595  0.008079   0.04856        75       640    0.9371    0.8915    0.9451    0.7219   0.01862  0.005688  0.005903
     55/99     11.4G    0.0245   0.01593  0.008813   0.04924        79       640    0.9308    0.8957    0.9451     0.723   0.01852  0.005675   0.00579
     56/99     11.4G   0.02457   0.01587  0.009007   0.04945        67       640    0.9293    0.8976    0.9455    0.7244   0.01848  0.005665  0.005737
     57/99     11.4G   0.02486   0.01589  0.008096   0.04885        73       640    0.9314    0.8961    0.9455    0.7258   0.01847  0.005654  0.005677
     58/99     11.4G   0.02411   0.01574  0.008758    0.0486        65       640    0.9328    0.8959    0.9458    0.7271   0.01843  0.005642  0.005643
     59/99     11.4G   0.02395   0.01585  0.008805   0.04861        63       640    0.9445    0.8862    0.9459    0.7282   0.01839  0.005631  0.005602
     60/99     11.4G   0.02354    0.0156  0.008581   0.04772        63       640    0.9338     0.897    0.9465    0.7286   0.01834  0.005622  0.005553
     61/99     11.4G   0.02501   0.01635  0.009414   0.05077        64       640    0.9349    0.8958    0.9469    0.7284   0.01829  0.005617  0.005549
     62/99     11.4G   0.02421   0.01571  0.008514   0.04843        69       640    0.9366    0.8948    0.9469    0.7289   0.01822  0.005609   0.00555
     63/99     11.4G   0.02331   0.01576  0.008894   0.04796        73       640    0.9373    0.8934    0.9469    0.7301   0.01817    0.0056  0.005537
     64/99     11.4G   0.02384   0.01571  0.008665   0.04822        63       640    0.9385    0.8934     0.947    0.7312   0.01813  0.005593  0.005546
     65/99     11.4G   0.02342   0.01548  0.008181   0.04708        69       640    0.9399    0.8935    0.9472    0.7318   0.01808  0.005584  0.005518
     66/99     11.4G   0.02343   0.01557  0.008116   0.04711        60       640    0.9407    0.8929    0.9473    0.7328   0.01802  0.005574  0.005512
     67/99     11.4G   0.02312   0.01542  0.008542   0.04708        75       640    0.9389     0.896    0.9476    0.7333   0.01796  0.005567  0.005513
     68/99     11.4G   0.02286   0.01541  0.008172   0.04644        65       640     0.938    0.8963    0.9477    0.7341   0.01791  0.005559  0.005511
     69/99     11.4G   0.02278   0.01527  0.008284   0.04634        66       640    0.9398    0.8951    0.9478    0.7354   0.01786  0.005551  0.005525
     70/99     11.4G   0.02261   0.01527  0.007172   0.04505        67       640    0.9417    0.8939    0.9479    0.7364   0.01781  0.005541  0.005524
     71/99     11.4G   0.02302   0.01565  0.008624   0.04729        70       640    0.9403    0.8957    0.9479     0.737   0.01777  0.005535  0.005541
     72/99     11.4G   0.02301   0.01551  0.007771   0.04629        63       640    0.9422    0.8947    0.9483    0.7373   0.01772  0.005528  0.005567
     73/99     11.4G   0.02282   0.01523  0.008165   0.04621        74       640    0.9422    0.8949    0.9486     0.738   0.01767  0.005523  0.005577
     74/99     11.4G   0.02216   0.01526  0.008314   0.04574        65       640    0.9415    0.8956     0.949     0.739   0.01764  0.005516  0.005577
     75/99     11.4G   0.02166   0.01517  0.007209   0.04404        64       640    0.9407    0.8963    0.9489    0.7392   0.01761   0.00551  0.005591
     76/99     11.4G   0.02168   0.01491  0.006759   0.04335        72       640    0.9341    0.9016    0.9491    0.7401   0.01757  0.005501  0.005611
     77/99     11.4G    0.0222   0.01513  0.007645   0.04497        73       640    0.9333     0.903    0.9492    0.7406   0.01753  0.005492  0.005634
     78/99     11.4G     0.022   0.01494  0.007077   0.04402        79       640    0.9333    0.9035    0.9495    0.7417   0.01749  0.005483  0.005651
     79/99     11.4G   0.02156   0.01498  0.006808   0.04335        66       640     0.934     0.904    0.9496    0.7426   0.01745  0.005474  0.005684
     80/99     11.4G   0.02183   0.01489  0.007462   0.04418        61       640     0.935    0.9039    0.9499    0.7433   0.01741  0.005464  0.005696
     81/99     11.4G    0.0217   0.01499  0.007463   0.04415        74       640    0.9359    0.9037    0.9502    0.7436   0.01738  0.005456  0.005708
     82/99     11.4G   0.02179   0.01485  0.007591   0.04424        62       640    0.9364    0.9032    0.9503    0.7446   0.01734  0.005447  0.005684
     83/99     11.4G   0.02103    0.0147  0.006589   0.04231        71       640    0.9375    0.9024    0.9505    0.7454    0.0173  0.005437  0.005667
     84/99     11.4G   0.02184   0.01498  0.007365   0.04418        66       640    0.9347    0.9058    0.9507    0.7457   0.01726  0.005427  0.005664
     85/99     11.4G   0.02096   0.01484  0.007327   0.04313        77       640    0.9371    0.9049    0.9508    0.7465   0.01721  0.005419  0.005659
     86/99     11.4G   0.02141   0.01472  0.006818   0.04295        67       640    0.9374    0.9052    0.9512    0.7475   0.01716   0.00541  0.005656
     87/99     11.4G   0.02048   0.01458  0.006686   0.04175        75       640    0.9379     0.905    0.9515    0.7482   0.01711  0.005401  0.005664
     88/99     11.4G    0.0209    0.0146  0.006563   0.04206        73       640    0.9372    0.9062    0.9518    0.7486   0.01707  0.005392  0.005661
     89/99     11.4G    0.0207   0.01449  0.006172   0.04136        67       640    0.9376    0.9057    0.9519    0.7501   0.01703  0.005383   0.00565
     90/99     11.4G   0.02089   0.01488  0.007869   0.04364        67       640    0.9408    0.9031    0.9523    0.7511     0.017  0.005375  0.005675
     91/99     11.4G   0.02073   0.01471  0.006942   0.04239        73       640    0.9422    0.9022    0.9526    0.7522   0.01697  0.005368  0.005684
     92/99     11.4G   0.02064   0.01446  0.006715   0.04182        53       640    0.9419    0.9034    0.9528     0.753   0.01694  0.005359   0.00568
     93/99     11.4G   0.02054   0.01454  0.006996   0.04207        68       640    0.9429    0.9034    0.9528    0.7538   0.01691   0.00535  0.005674
     94/99     11.4G   0.02021   0.01433  0.006078   0.04062        69       640    0.9448    0.9027    0.9531    0.7548   0.01687   0.00534  0.005689
     95/99     11.4G   0.02046   0.01438  0.006215   0.04105        71       640     0.944    0.9038    0.9535    0.7562   0.01685  0.005331   0.00571
     96/99     11.4G   0.02061    0.0146   0.00671   0.04192        80       640    0.9458    0.9025    0.9538    0.7565   0.01681  0.005321  0.005744
     97/99     11.4G    0.0207   0.01451  0.006303    0.0415        70       640    0.9444    0.9036     0.954    0.7575   0.01678  0.005312  0.005771
     98/99     11.4G   0.02025   0.01429  0.006355   0.04089        75       640     0.939    0.9093    0.9539    0.7581   0.01674  0.005303  0.005796
     99/99     11.4G    0.0202   0.01433  0.006625   0.04115        73       640    0.9436    0.9054    0.9542    0.7589   0.01671  0.005293  0.005811
